sajjad 0 0 1738729116 1
sajjad 0 0 1738729123 1
sajjad 0 0 1738729137 1
sajjad 0 0 1738729144 1
sajjad 0 0 1738729159 1
sajjad 0 0 1738729174 1
sajjad 0 0 1738729218 1
sajjad 0 0 1738729286 1
sajjad 0 0 1738729738 1
sajjad 0 0 1738730600 1
sajjad 0 0 1738729116 1
sajjad 0 1 1738729116 1
sajjad 0 0 1738730909 1
sajjad 0 0 1738730916 1
sajjad 0 0 1738731001 1
sajjad 0 0 1738729116 1
sajjad 0 0 1738731335 1
sajjad 0 0 1738731730 1
sajjad 0 0 1738732947 1
sajjad 0 1 1738729116 1
sajjad 0 1 1738729116 1
sajjad 0 1 1738729116 1
sajjad 0 1 1738729116 1
sajjad 0 1 1738729116 1
sajjad 0 1 1738729116 1
sajjad 0 1 1738729116 1
sajjad 0 1 1738729116 1
sajjad 0 0 1738729116 1
sajjad 0 0 1738729116 1
sajjad 0 1 1738729116 1
sajjad 0 0 1738729116 1
sajjad 0 1 1738729116 1
sajjad 0 0 1738734244 1
sajjad 0 0 1738734271 1
sajjad 0 0 1738735021 1
sajjad 0 1 1738729116 1
sajjad 0 0 1738735234 1
sajjad 0 1 1738729116 1
sajjad 0 0 1738735352 1
sajjad 0 1 1738729116 1
sajjad 0 0 1738729116 1
sajjad 0 1 1738729116 1
sajjad 0 1 1738729116 1
sajjad 0 0 1738735565 1
sajjad 0 1 1738729116 1
sajjad 0 1 1738729116 1
sajjad 0 5 1738729116 1
sajjad 0 0 1738736841 1
sajjad 0 1 1738729116 1
sajjad 0 1 1738729116 1
sajjad 0 0 1738729116 1
sajjad 0 5 1738729116 1
sajjad 0 1 1738729116 1
sajjad 0 1 1738729116 1
sajjad 0 1 1738729116 1
sajjad 0 0 1738738076 1
sajjad 0 1 1738729116 1
sajjad 0 1 1738729116 1
sajjad 0 1 1738729116 1
sajjad 0 0 1738739547 1
sajjad 0 1 1738729116 1
sajjad 0 0 1738729116 1
sajjad 0 1 1738729116 1
sajjad 0 0 1738740832 1
sajjad 0 1 1738729116 1
sajjad 0 1 1738729116 1
sajjad 0 1 1738729116 1
sajjad 0 0 1738729116 1
sajjad 0 0 1738729116 1
sajjad 0 1 1738729116 1
sajjad 0 1 1738729116 1
sajjad 0 0 1738741990 1
sajjad 0 1 1738729116 1
sajjad 0 0 1738729116 1
sajjad 0 1 1738729116 1
sajjad 0 0 1738729116 1
sajjad 0 1 1738729116 1
sajjad 0 1 1738729116 1
sajjad 0 1 1738729116 1
sajjad 10 0 1738729116 1
sajjad 0 0 1738742130 1
radin 0 0 1738745393 1
radin 0 1 1738745393 1
radin 0 0 1738745568 1
radin 0 0 1738745618 1
radin 0 1 1738745393 1
radin 0 1 1738745393 1
radin 0 0 1738745393 1
radin 0 0 1738745797 1
radin 0 1 1738745393 1
radin 0 0 1738745393 1
radin 2 0 1738745393 1
radin 0 0 1738746613 1
radin 0 0 1738745393 1
sajjad 0 0 1738746951 1
